0.00258284
18.1456
12.6366
0.542439
14.625
7.23661
0.434536
2.95304
6.16105
3.01169
2.74511
4.17583
11.5316
2.17655
6.54557
17.8039
7.43326
9.35693
15.0658
15.4557
34.9545
10.9799
16.3913
0.579292
5.44845
1.07246
4.07121
6.9593
5.78697
17.0219
12.1562
21.4209
27.6593
4.33671
3.21007
4.5078
3.37033
23.0683
3.57722
22.2736
20.4606
6.88353
15.7128
12.4164
24.8681
20.5476
6.02628
24.9715
12.3052
1.14711
14.8229
8.39687
19.6089
9.15311
3.75498
17.6802
8.19117
30.9364
11.6701
6.80861
17.0149
6.71323
3.00041
10.0515
18.2754
7.76297
4.65476
3.89193
3.59255
7.37022
24.0675
10.8256
23.5163
8.28871
7.45128
8.69298
2.51624
4.70627
0.197573
9.9309
1.85351
19.6037
2.956
1.86643
9.38781
4.74885
10.593
30.7544
4.89282
5.66736
6.95362
3.23237
19.3413
31.6289
11.6865
21.0668
14.1853
9.64801
8.20688
5.11166
4.39165
8.37881
5.87044
3.32901
4.42602
3.77203
23.4176
20.9611
28.6475
1.98363
20.7514
11.5282
17.1165
19.5033
4.08826
3.7806
16.5547
8.29327
0.361877
1.41375
20.3347
7.24757
9.81751
1.04833
17.2229
3.86199
4.73411
0.164791
8.19357
2.17239
0.0516827
6.13318
13.6295
4.47936
5.51803
13.52
16.5238
8.08192
19.0202
0.0328169
21.0569
4.28418
35.829
9.41666
1.88847
12.5944
4.93963
14.4218
8.89598
3.89029
1.65905
4.31928
25.0859
21.1337
7.35639
2.51185
7.50824
0.583311
0.193857
10.9495
15.9619
10.7049
4.25345
3.81614
4.94401
23.0331
2.6624
3.07094
14.2238
13.3492
0.399163
8.59448
10.9047
82.9606
1.40595
55.8516
17.9669
44.3789
5.00125
3.14749
4.88046
0.348314
6.98968
6.35095
7.7304
3.38227
5.44797
3.8155
0.471739
37.4417
12.7257
1.39807
12.062
11.4083
12.0081
0.606937
1.64725
2.8323
6.19443
8.95309
15.4942
25.7518
12.381
39.2299
14.2193
9.55502
7.87663
9.83546
8.20552
21.3795
2.16379
18.0246
12.6397
17.5628
0.663083
3.84262
20.1218
13.6743
9.1768
9.96321
3.19707
12.8072
3.65904
6.92438
21.3364
18.8847
3.83537
3.2758
0.20563
3.61287
5.84813
3.84455
0.456754
5.13815
2.60775
0.903652
4.17094
3.99024
5.47861
0.480991
18.1447
10.9345
0.493744
22.1036
4.79162
0.441434
0.148669
26.4878
6.88497
3.84602
5.91819
5.32721
3.68718
7.70789
5.54683
26.188
4.48999
9.47376
15.0977
61.0495
7.01872
16.5383
38.0474
1.01381
3.02961
8.10736
8.72986
2.73304
8.261
16.5557
5.49717
20.1975
11.4626
7.19663
0.628428
0.683364
26.0829
4.9031
6.64076
4.70542
20.3527
4.38179
20.0881
4.26292
13.2723
9.62845
5.27268
4.00919
5.89991
39.371
16.9094
0.0885866
5.55687
4.4979
5.19433
6.63113
11.0656
9.24468
1.23337
2.59438
5.12368
36.9987
44.0151
3.58888
13.2429
3.05574
0.000273815
2.87959
7.23698
1.93948
4.73567
1.02573
28.7342
3.02353
9.77698
33.0224
2.53347
1.77508
10.6397
25.0296
15.0228
18.8075
9.13352
6.3184
2.08616
31.9962
21.3801
5.53055
1.83488
15.8649
14.3246
0.0307603
13.5251
1.14226
1.6622
11.8226
34.0032
3.47545
16.4188
6.7535
38.376
3.96407
2.06333
2.1408
7.30793
6.20791
2.47374
10.9109
3.57734
8.53656
1.9208
0.559212
5.89073
3.41793
9.71908
4.33342
30.8625
18.6126
1.21768
3.26332
0.390868
8.43271
20.2472
8.22502
7.61024
8.91395
12.8303
12.783
0.464411
2.17711
0.31996
0.00277247
0.542869
13.9211
50.049
8.10294
3.94453
7.00211
38.6279
1.84207
22.2058
23.7353
1.16303
8.07559
0.977156
5.90519
2.75181
2.03891
6.29293
28.9797
29.1904
1.06263
19.1795
7.28469
26.9855
12.6882
0.695118
6.78617
5.7181
2.22252
4.3713
11.737
30.4059
13.7846
3.37039
3.98995
5.02055
19.0871
2.29098
4.07551
1.5747
2.10062
26.4305
26.7665
1.1601
2.77011
26.5483
1.60058
2.54432
3.78489
14.5007
7.73109
0.656747
4.08049
7.77226
1.18982
5.54042
35.0095
2.64806
10.6282
4.95735
15.2536
4.40428
5.59679
2.20259
0.383921
9.11876
0.0345254
2.93102
8.02045
9.26886
20.9241
6.29957
1.82266
0.85914
1.91636
8.07626
13.2
4.08873
2.6545
4.06513
6.85268
1.80139
4.74164
7.81893
5.88817
10.0563
4.21134
0.866056
12.8716
21.1019
0.344069
3.6034
8.1295
4.61725
9.98731
14.3468
12.0306
3.42023
30.4756
7.08209
25.1018
21.036
0.0692172
10.3538
2.68058
1.00816
9.26064
2.01951
10.5276
13.2353
10.0103
2.84599
5.31368
7.14532
3.95306
11.1384
1.57888
1.83465
18.3516
11.3193
0.511105
23.4992
14.6525
1.50116
10.2269
0.152723
34.4278
1.87958
6.60081
13.7756
14.911
15.3548
14.1011
15.7573
14.2392
15.16
15.8284
16.7246
15.4784
14.8934
14.329
16.2033
14.8701
15.3812
15.9536
15.7162
15.4095
14.9251
14.5984
