0.00258284
18.1456
12.6366
0.542439
14.625
7.23661
0.434536
2.95304
6.16105
3.01169
2.74511
4.17583
11.5316
2.17655
6.54557
17.8039
7.43326
9.35693
15.0658
15.4557
34.9545
10.9799
16.3913
0.579292
5.44845
1.07246
4.07121
6.9593
5.78697
17.0219
12.1562
21.4209
27.6593
4.33671
3.21007
4.5078
3.37033
23.0683
3.57722
22.2736
20.4606
6.88353
15.7128
12.4164
24.8681
20.5476
6.02628
24.9715
12.3052
1.14711
14.8229
8.39687
19.6089
9.15311
3.75498
17.6802
8.19117
30.9364
11.6701
6.80861
17.0149
6.71323
3.00041
10.0515
18.2754
7.76297
4.65476
3.89193
3.59255
7.37022
24.0675
10.8256
23.5163
8.28871
7.45128
8.69298
2.51624
4.70627
0.197573
9.9309
1.85351
19.6037
2.956
1.86643
9.38781
4.74885
10.593
30.7544
4.89282
5.66736
6.95362
3.23237
19.3413
31.6289
11.6865
21.0668
14.1853
9.64801
8.20688
5.11166
4.39165
8.37881
5.87044
3.32901
4.42602
3.77203
23.4176
20.9611
28.6475
1.98363
20.7514
11.5282
17.1165
19.5033
4.08826
3.7806
16.5547
8.29327
0.361877
1.41375
20.3347
7.24757
9.81751
1.04833
17.2229
3.86199
4.73411
0.164791
8.19357
2.17239
0.0516827
6.13318
13.6295
4.47936
5.51803
13.52
16.5238
8.08192
19.0202
0.0328169
21.0569
4.28418
35.829
9.41666
1.88847
12.5944
4.93963
14.4218
8.89598
3.89029
1.65905
4.31928
25.0859
21.1337
7.35639
2.51185
7.50824
0.583311
0.193857
10.9495
15.9619
10.7049
4.25345
3.81614
4.94401
23.0331
2.6624
3.07094
14.2238
13.3492
0.399163
8.59448
10.9047
82.9606
1.40595
55.8516
17.9669
44.3789
5.00125
3.14749
4.88046
0.348314
6.98968
6.35095
7.7304
3.38227
5.44797
3.8155
0.471739
37.4417
12.7257
1.39807
12.062
11.4083
12.0081
0.606937
1.64725
2.8323
6.19443
8.95309
15.4942
25.7518
12.381
39.2299
14.2193
9.55502
7.87663
9.83546
8.20552
21.3795
2.16379
18.0246
12.6397
17.5628
0.663083
3.84262
20.1218
13.6743
9.1768
9.96321
3.19707
12.8072
3.65904
6.92438
21.3364
18.8847
3.83537
3.2758
0.20563
3.61287
5.84813
3.84455
0.456754
5.13815
2.60775
0.903652
4.17094
3.99024
5.47861
0.480991
18.1447
10.9345
0.493744
22.1036
4.79162
0.441434
0.148669
26.4878
6.88497
3.84602
5.91819
5.32721
3.68718
7.70789
5.54683
26.188
4.48999
9.47376
15.0977
61.0495
7.01872
16.5383
38.0474
1.01381
3.02961
8.10736
8.72986
2.73304
8.261
16.5557
5.49717
20.1975
11.4626
7.19663
0.628428
0.683364
26.0829
4.9031
6.64076
4.70542
20.3527
4.38179
20.0881
4.26292
13.2723
9.62845
5.27268
4.00919
5.89991
39.371
16.9094
0.0885866
5.55687
4.4979
5.19433
6.63113
11.0656
9.24468
1.23337
2.59438
5.12368
36.9987
44.0151
3.58888
13.2429
3.05574
0.000273815
2.87959
7.23698
1.93948
4.73567
1.02573
28.7342
3.02353
9.77698
33.0224
2.53347
1.77508
10.6397
25.0296
15.0228
18.8075
9.13352
6.3184
2.08616
31.9962
21.3801
5.53055
1.83488
15.8649
14.3246
0.0307603
13.5251
1.14226
1.6622
11.8226
34.0032
3.47545
16.4188
6.7535
38.376
3.96407
2.06333
2.1408
7.30793
6.20791
2.47374
10.9109
3.57734
8.53656
1.9208
0.559212
5.89073
3.41793
9.71908
4.33342
30.8625
18.6126
1.21768
3.26332
0.390868
8.43271
20.2472
8.22502
7.61024
8.91395
12.8303
12.783
0.464411
2.17711
0.31996
0.00277247
0.542869
13.9211
50.049
8.10294
3.94453
7.00211
38.6279
1.84207
22.2058
23.7353
1.16303
8.07559
0.977156
5.90519
2.75181
2.03891
6.29293
28.9797
29.1904
1.06263
19.1795
7.28469
26.9855
12.6882
0.695118
6.78617
5.7181
2.22252
4.3713
11.737
30.4059
13.7846
3.37039
3.98995
5.02055
19.0871
2.29098
4.07551
1.5747
2.10062
26.4305
26.7665
1.1601
2.77011
26.5483
1.60058
2.54432
3.78489
14.5007
7.73109
0.656747
4.08049
7.77226
1.18982
5.54042
35.0095
2.64806
10.6282
4.95735
15.2536
4.40428
5.59679
2.20259
0.383921
9.11876
0.0345254
2.93102
8.02045
9.26886
20.9241
6.29957
1.82266
0.85914
1.91636
8.07626
13.2
4.08873
2.6545
4.06513
6.85268
1.80139
4.74164
7.81893
5.88817
10.0563
4.21134
0.866056
12.8716
21.1019
0.344069
3.6034
8.1295
4.61725
9.98731
14.3468
12.0306
3.42023
30.4756
7.08209
25.1018
21.036
0.0692172
10.3538
2.68058
1.00816
9.26064
2.01951
10.5276
13.2353
10.0103
2.84599
5.31368
7.14532
3.95306
11.1384
1.57888
1.83465
18.3516
11.3193
0.511105
23.4992
14.6525
1.50116
10.2269
0.152723
34.4278
1.87958
6.60081
7.14559
0.366875
0.406848
3.82994
1.49907
7.85637
11.0144
28.2768
7.93529
15.2623
10.6245
5.97888
11.4689
1.13195
7.13257
13.6071
0.314921
0.936115
14.8405
11.1526
12.4931
19.4831
23.0979
16.4853
11.7643
1.37636
9.38667
2.37419
16.0537
0.136163
1.24586
22.0853
10.3766
5.8745
3.70052
4.40343
10.1307
25.4005
16.0534
3.32716
2.95239
2.64439
14.0469
4.03453
1.19922
10.028
6.31946
6.87475
11.5663
4.73945
39.1684
3.91037
8.44392
14.5742
0.124578
11.823
7.03931
2.89531
1.14465
30.9477
8.49658
14.829
7.2552
18.0396
24.1009
9.56426
37.3658
11.0947
6.32559
7.40903
1.30698
7.86356
6.98557
9.25876
1.20898
3.0643
22.1716
9.215
1.71293
1.90918
0.654401
14.0409
4.46774
7.06567
26.1116
2.48284
31.6742
3.55081
0.613189
3.55892
2.52624
16.464
49.7258
1.70808
0.841165
14.1847
16.602
3.0777
18.0471
0.0974084
0.173009
4.19813
39.753
2.74968
10.2843
6.75275
3.02593
5.65769
12.4113
8.79435
0.191272
10.0544
6.58015
1.69355
0.323965
13.5133
7.37495
8.27042
9.69169
15.9415
5.96346
13.6437
5.97659
1.38713
14.22
18.5082
15.2206
21.5177
2.88992
18.4332
7.41594
6.06369
1.28995
40.6609
6.10679
11.4565
2.37236
1.37285
3.03147
23.8235
11.9932
4.50823
5.59378
3.3854
4.39608
14.6761
0.287127
0.344264
12.314
17.4134
11.6193
0.154677
5.64945
1.69048
19.3493
7.76658
4.97748
16.9215
10.7059
5.00161
1.76503
16.81
34.9745
11.7963
20.7716
13.0787
1.3449
9.92876
1.11788
8.96499
1.25701
4.3394
14.3975
6.37131
12.2509
23.6106
0.677023
21.0637
10.5073
27.0266
4.42861
3.67523
10.9384
9.82847
11.5873
6.18525
23.1676
7.12301
11.125
3.42877
1.25906
9.33944
1.57539
7.68352
6.40448
7.06618
13.1757
5.39435
28.5856
0.415135
2.59526
31.5312
6.96285
29.5087
5.77052
0.404451
4.7833
6.3747
3.59199
16.8114
5.90594
4.06285
18.7908
0.526098
16.7758
5.43844
1.61314
22.3618
3.91767
2.28099
4.19088
46.7243
15.7858
4.51896
32.6344
3.89035
3.88729
3.97967
9.25539
4.13099
4.56716
0.386117
0.0731527
23.0916
26.8982
8.53285
0.544081
3.44851
7.61816
31.0474
2.89576
3.88061
15.5627
9.20072
0.474317
35.4383
0.663892
1.66137
4.11342
1.41666
4.2716
7.92294
11.8669
10.4402
12.7424
14.4373
36.1179
4.27615
3.39677
4.78147
20.7594
7.92327
0.808506
21.1325
9.06813
13.4596
2.49945
4.03705
36.1975
7.10635
0.887647
3.50941
4.64895
5.47596
4.63375
3.14148
4.44229
7.68497
4.87286
13.6857
2.12349
14.741
7.97446
1.34406
15.9566
6.46815
20.6737
5.45757
13.3985
15.7133
5.9269
1.60879
6.66321
5.82931
4.06243
0.0102587
17.2443
21.4781
26.8201
4.73669
11.5683
1.16727
2.15079
8.44163
6.44937
7.9258
4.60857
5.68111
0.420095
0.964533
3.55393
9.75443
3.80095
16.1904
4.82237
8.82551
1.94084
2.80272
3.5226
10.0979
1.98711
2.85575
30.2065
6.37582
4.83294
13.0585
2.22092
14.4743
1.01162
13.5169
16.5372
43.8923
1.58511
4.7641
1.55646
19.6535
1.36177
3.44126
23.7902
38.7519
2.45087
35.0381
6.83968
25.0565
2.56838
1.36304
1.27798
1.23836
1.36476
7.7931
1.0281
6.01653
28.8261
5.25635
5.72804
2.53435
12.1885
31.9776
9.19879
12.6487
2.14783
6.7893
3.73747
7.03876
7.88456
8.63983
32.3776
23.9474
9.31873
19.9972
0.318513
2.08654
11.2096
0.387417
22.9978
22.7376
11.8006
10.9757
1.53191
6.48323
4.8532
0.186135
2.26293
16.1541
7.83719
5.60417
15.3754
3.76246
12.7797
17.1624
9.22566
18.1487
2.19872
24.8116
4.48993
14.6596
5.44564
1.45844
0.696306
1.96753
7.3274
4.5197
17.0645
7.56725
11.7352
4.02255
3.25258
5.53635
6.38935
2.1167
0.132041
11.2744
5.00221
2.75017
2.34498
26.6026
5.96991
46.7793
2.42544
3.7245
0.370914
6.60793
10.2952
7.29112
8.44064
0.0370069
5.08868
2.42066
0.299005
7.17738
23.5465
0.208848
21.1298
4.61622
16.3862
15.4608
42.2682
10.0329
10.7851
3.26026
10.0094
38.6164
20.2732
5.3314
3.09785
1.46605
19.8781
29.4833
9.00852
14.2024
7.49822
1.36718
7.88075
26.3695
11.5817
7.07605
2.98782
3.64155
0.172806
11.4022
2.17903
29.2868
2.92821
11.9246
23.7428
0.677098
2.91867
23.021
3.28092
15.5706
0.376014
2.88763
3.01616
6.73203
24.3849
4.30751
24.966
3.18938
6.2995
2.88608
1.49351
33.6103
23.7384
4.22728
0.413244
7.19374
1.50944
24.6753
3.30532
1.61439
1.99812
3.33692
8.95939
4.51636
6.46571
9.88757
10.4008
5.14083
23.2804
12.8608
16.1478
14.8493
15.8233
15.5021
15.426
16.3826
15.7282
14.365
15.3345
15.6117
15.4951
15.7323
14.8367
15.4979
15.8145
15.5917
16.4872
15.3935
15.8921
15.0197
15.151
14.8355
15.6352
15.0045
15.5464
15.0089
15.3777
15.6438
14.1561
15.4178
15.9501
14.8991
16.0626
14.3349
15.7768
16.4882
16.5347
15.5651
15.7113
15.8233
14.8234
15.9222
16.0558
15.3346
15.1747
15.2742
14.6286
15.3325
15.3221
14.8312
