1.77129694734
1.4068745206
2.2612532815
1.34639629546
0.193096126283
1.58367136084
0.813663653095
0.755717613953
0.61654659984
1.17872204265
0.444927155902
0.114575523145
0.643939035541
0.458007746694
0.182010825797
0.601067715609
1.35179761291
0.0413082595901
3.59502260905
0.410802084472
1.15690724501
2.41069726598
3.13606950831
0.771080865424
0.574089375067
5.1938347936
2.36753712879
0.267708525399
1.97634518331
4.40690230838
7.42040321588
1.41751771278
0.251394775699
0.0060690654802
0.358859937276
0.817764354989
0.376549125333
2.61849501996
1.71019643958
3.07705383324
0.240867965249
1.02091333661
1.85133660153
6.64541970077
4.14390774241
3.28906894012
3.69365359113
6.5297229284
7.0159033669
2.34116156948
3.21562387302
0.487892086644
0.282826232119
1.62830650131
0.269996334097
4.56511347896
5.90037007717
0.219294738195
0.059495829946
5.05936336021
0.964184521516
0.0264978455576
1.18362590192
1.27257060376
0.540031321666
2.78737672814
0.694154605613
3.80418376614
0.161970445184
1.80105283846
0.667042964297
1.12841363602
2.15174765577
3.01136137011
2.31281261825
1.44258888329
5.9032053039
3.70274277424
0.564175434899
0.302086167855
0.461958447444
0.016265486153
2.69859768094
5.09331189809
2.27411697548
0.0273779159462
7.37869375358
2.46368495041
0.176593350213
2.6694616868
2.69742415081
0.933943607738
1.13203731329
0.875019591393
0.931194956562
2.39271170864
0.331831408463
0.212061112877
1.35942114338
0.0828607581343
2.03259629619
2.02253082127
0.349100695253
1.64361670628
1.05132092141
0.402149736586
0.886397370038
3.45272796452
0.545312905404
0.726737507466
0.202132950787
3.53138606943
0.183809741366
0.834724811919
1.12754829801
1.82580209242
0.687093097273
10.9239231671
3.45883492
0.45857507321
3.00110722546
6.1140461426
2.88099957082
0.880766535001
4.58053606244
0.251496434903
1.75196110739
0.966238749278
0.483644322178
0.10960699937
0.767122091491
0.376876903755
1.12737825042
0.323045930308
5.3390690846
0.872919999839
4.41112104907
0.203206072645
4.18551522768
0.500770282065
0.195983986606
2.62110405731
0.0935654323313
0.130463495127
0.374593161524
2.98542611675
0.324970346699
0.897663580203
1.54494267381
1.55749720507
3.24467181485
0.0822039446758
1.59863332476
3.55582474948
3.8765131682
1.16354585565
2.76416076137
2.024565814
0.680597161759
6.86172264971
0.319496742234
2.61250906047
0.253752545011
0.930008306176
0.392613731346
1.29059695538
0.179683865841
7.48742721469
4.37608022207
1.33852849012
4.22827348539
1.66313690011
0.785625083219
0.835131735546
5.64399652519
4.68349346224
0.330141575849
5.31647704241
0.667203479714
0.737852283988
0.906919328342
0.126678430624
3.09284712264
1.76201279436
0.324435900278
2.17631757419
0.15762648065
0.423739004887
2.26774567159
0.460382264292
0.397257450374
1.2218510108
0.783188830119
0.577913001436
1.35256958669
2.47322585262
0.531778049518
2.30707012726
9.06143521287
1.27419142932
0.133901539411
0.985026742549
0.708887859572
0.0234648817344
0.22642803865
3.46064187091
1.98217646712
0.0329996637245
0.600064757118
8.55302121165
2.20341444786
2.07872826102
1.40248374582
0.274398425087
0.971879828084
0.925735824425
0.86595027233
4.5394631316
4.30190455348
3.9535886718
0.692000222878
1.53017892704
0.527689898109
2.26044501276
2.14454703168
0.0132730237016
2.74634877954
1.08663691672
2.54751562792
0.24895357933
2.05593351756
1.23352395346
3.22423197237
0.841458967157
0.807008745083
0.0599036941003
0.37815472603
3.9750272933
0.577758616649
3.87026261493
1.38693481032
5.21366088597
0.628220659787
1.34540493649
1.4904339229
4.74896193251
1.47811557665
1.33666037761
0.491550077057
0.131537804392
0.523509517812
2.35211088817
5.36380910215
3.49637721275
5.82711729454
0.411418437881
1.6435588421
0.609509757948
5.56449152299
2.67368553422
2.37583255313
4.72115079432
1.35540082932
0.724340625533
0.907598878396
0.134825841732
4.37101597555
0.255362714433
3.39011536466
0.101833114888
0.204810977795
2.69624100515
1.41022067497
0.729333799252
0.19844642738
3.67210361369
5.48178100693
0.0647449262999
6.05040865791
0.68163113331
3.959769889
0.721211068071
5.04395412708
1.40868171816
1.64613668895
1.19390250382
0.176288881243
4.20882890294
2.89426270792
2.69007110266
3.64235661679
3.20359744169
1.48215430237
0.6495115652
3.45628993918
5.37966572524
1.48096821413
0.565151457063
2.52515157914
7.06653232062
0.125135817898
1.14268439485
2.08367313063
1.10704481925
1.01319105507
0.619009917517
0.180104544192
1.53069107337
0.516003952631
0.382076866812
0.0705231250459
0.0556043972933
1.39284387061
1.09677976957
3.2744042225
6.97073580444
0.813713341743
2.23779644814
4.51869591633
2.00037127383
1.36802453779
2.00483554325
2.00312776288
1.32000200512
2.34905826728
7.63563631921
0.0734817749211
1.55499290968
0.163609045372
1.01787037144
0.202017359102
0.994186335731
0.415243402081
0.495522743644
0.924358502329
0.451863069449
0.31279109419
2.35513261113
2.20259394498
5.06717715454
1.43880295625
0.719233239954
1.3883713041
1.2134483588
0.208808300523
1.60876410585
2.64454442637
4.13257364241
0.198789692199
1.23451530193
2.83305694868
5.70233971162
1.62496920763
3.84281464897
1.27970830249
0.772258603232
2.66705346598
0.345726190592
0.326272117599
0.830995513754
0.936060157025
0.885107581911
2.70207024635
0.943433915889
4.8759797909
2.69960903739
0.896605599372
2.40900904385
0.673123095105
1.41324793722
1.24520073363
0.335760521431
6.10056188837
4.18982729882
2.94033172912
0.872780952633
1.25467748725
0.460570364405
3.53472585695
4.95459849324
3.53664655774
1.50051785197
0.190536643238
2.737192542
0.540509797589
0.32022030221
2.38632241128
1.04381541276
0.341512416826
1.38378764908
0.306048815959
5.52388741174
1.25067477741
1.61379268135
1.67190956337
0.867090061614
3.87513722482
4.22405425948
3.40186973391
2.65019889387
3.28863366599
0.06164707243
4.37204575571
2.39294705339
0.988676028938
2.33016653303
0.126670926478
1.63687129617
2.21226350346
2.48841015587
1.37584015218
0.864462387113
2.23442992237
5.90892325946
1.18725878628
7.72795220913
0.227743422604
3.60578327963
3.69026210169
0.126025484273
1.53054411372
4.78296033378
9.14841468405
6.03251668455
3.70533854499
2.30966719441
6.26083808276
2.71978467552
1.82340730125
1.72541824322
2.6154819856
0.564414729553
0.52870911884
3.75240587915
2.19309724153
5.85819554882
0.0353578909559
0.966917614206
2.15451546714
0.850174995019
1.78704817423
0.318270372316
1.74414087636
1.55926759863
0.543958957361
7.41553409283
3.72166916754
0.0137515804741
0.712093524757
1.72198154785
5.30000934286
0.404588944299
2.26466546279
1.13062667337
2.2684428047
0.0156536735399
0.242696598064
0.658235146243
1.96925709813
0.360784297988
1.90444276701
0.0547547635699
1.83703713637
0.280617925759
3.86664215347
1.54545473363
2.08925741468
3.18111844722
3.57546851022
0.0168731519776
1.3443926855
2.52600726425
2.69354391672
0.189990858782
0.382515040136
1.17906013558
1.78112225872
1.969380947
1.80291005583
0.320572704517
1.49584201394
6.26850556405
0.356561895643
8.4922108252
0.688957808427
3.94564566362
1.44767439528
2.08694178053
0.743642345383
0.101740582354
2.0919578156
5.74625964817
2.18826919264
0.509372495389
3.13429360418
0.795558922997
1.09272882935
1.77372103154
8.20122907697
0.31373031042
0.514766976445
4.68376694207
1.39315556023
0.0128050187371
2.25604764724
0.403660344315
6.24197173571
1.49158943938
0.186458997589
1.19024207626
1.21429029891
6.43821063302
0.321162178001
0.491125273268
3.34851024078
2.44639123778
2.93411740401
4.35168585929
0.0220209762429
2.55060557423
0.519965018592
0.904745311781
0.0396033071885
0.210957209211
2.81280130067
3.29610273635
0.248576169082
0.525621363675
1.32685650536
1.53381094429
1.01984026158
1.35795031791
2.30027382431
0.470848711068
1.34136425629
2.15635234564
0.00417152509675
0.458165908194
0.519755776842
0.581956245641
2.77537069318
6.42114827844
3.02127506272
4.04610471227
0.203137492256
1.45946003771
5.68000701027
2.09548597879
0.204476411995
0.119114232213
2.77023476161
1.29339130483
0.705445077326
2.09683218194
0.0489597965397
1.18278256885
2.71327741154
0.378961350269
5.12269289842
2.90789852097
0.320555112882
1.91700149458
3.89683547208
1.18729281754
1.56324841459
2.32567888975
2.43558573051
3.47167693436
2.57765238617
1.07790189172
6.89490404123
0.739292046784
3.64093147872
0.302664313613
2.54139105935
0.884278897499
0.139155652907
2.79532652588
3.00473583676
6.76116465584
0.688230922484
3.51069070422
1.6717998977
0.092816768103
2.35499911273
1.22824571096
0.04328551699
1.06848137067
0.337394811189
2.54558201457
3.93673180876
0.482299953494
0.450465104026
5.59170621457
2.33203277669
0.625321950088
1.37217438321
2.27005106824
0.47124689682
0.235120948834
0.862781591486
0.676030248945
5.76514667718
2.79581122309
4.69613707344
4.91744246414
2.46444691675
0.137477215165
0.48388284023
1.55986273379
2.68365255119
0.5041427066
5.30796468483
1.08062121158
0.182560794813
3.1435424206
0.900899791799
0.832673950266
0.350143567974
0.428448550554
0.596481173003
0.0212786378548
0.889873513619
4.31241501589
1.53361512367
0.258676388509
1.78539742229
0.554444243323
1.28785895582
0.105445011587
3.60243893965
0.325480838821
0.323639322764
7.20815740611
0.775314448216
1.65197483048
0.622063294138
0.0966587225857
0.115713966343
0.412400301401
0.421684947772
0.794071222494
4.31813495712
0.325043270864
0.278262787046
2.91757881742
2.20983976109
0.913057348702
2.06984228664
1.64039860849
9.02926834694
2.67147066671
0.159527940297
1.33031668353
0.634501947634
0.739520170039
1.27359826956
4.13624427253
2.14841110893
8.75848572666
0.524098891713
3.32255343755
1.12784598606
1.23641891769
1.80447334344
3.34559302191
1.34006687765
3.11176474592
2.71266788716
0.125823757147
1.62410143656
1.48804759336
5.28487535851
0.540691067061
0.217711637601
2.09296644022
0.315979426282
0.659130247028
2.38523185882
2.26430888607
2.05420675431
1.93714308995
5.71884178721
2.22180729127
1.53969302065
3.59733760891
0.581801642498
2.56177974844
1.41353579362
0.263446927255
2.13094302611
0.502171470758
0.0412101299596
1.08128583544
0.407015340415
0.208801946715
1.25347339819
3.50931856327
0.0749130422355
0.545862653885
2.23381349357
0.755229061281
5.51280394914
0.628132853735
1.53754765809
3.6422675436
10.736781851
2.68558163945
10.8631409225
0.119794020303
1.18577481902
0.197784865611
3.54623024994
0.319410118891
0.219714767012
2.15391939456
1.11052051043
5.15427531523
3.08677885463
3.74913537937
1.47751356217
0.0482376455399
0.133051906115
0.222094180241
2.01365891571
0.207555889403
0.915137094926
1.43187301919
1.05178272366
1.82904984244
0.588717996046
1.2225721946
2.43443536147
0.249625098353
0.243890758653
0.231317671696
1.21679878529
0.147177117489
1.16498872588
0.11640839166
2.17836645482
3.40965395861
2.63493349918
0.40441611388
1.08374760292
0.0210105371646
2.80849736413
1.26737778851
0.77917567168
0.209506157589
0.254117743692
3.44450756385
1.53861962156
0.886666741155
3.57962244333
2.42129540984
0.474822320441
4.3366440501
0.713343380737
0.980377914037
1.86811224089
3.51356868078
2.41348899818
0.725522420494
1.12989026808
0.373833235933
0.00340301530246
0.603209041835
7.65993406818
2.20654181942
1.82145220858
3.65566853302
0.362141905852
4.2743562585
2.44682691036
0.148816525693
3.73712852741
1.2512263855
1.94187976506
1.25642671026
2.52113444601
1.42490672232
1.57770086853
2.5008091617
2.29659522587
3.00251382886
0.492728532164
1.42696341448
0.0912252724967
1.30897472196
1.7321724896
2.05138030316
10.0695045783
1.27287124418
0.645421053389
1.48158855344
0.690866578507
0.846453938236
9.21059594136
0.82172330265
0.354653870843
2.18413846791
0.435781972112
5.44314657336
6.25017585641
0.363528917729
1.08554561268
0.502448683761
3.43535816726
0.226905926028
3.03229209114
0.57203576263
0.982189370892
0.723092034389
0.863894624488
1.98066246031
4.18138022033
0.265655432121
1.16347437139
4.47910880595
2.6612014438
5.85115365657
6.3560734591
2.62615442514
1.78137151243
2.871275599
0.430347623407
0.569214739924
9.02114291281
1.7045509648
1.41835698295
2.33943136517
0.0571009645502
0.93698487956
2.51173785288
1.0363932087
0.445914850853
0.760322156288
2.05400909875
1.33039613492
3.01555570301
0.960754436065
0.442832178441
1.10931037428
0.91567569453
2.17723667241
0.415108902502
0.140792718688
0.88271182441
0.111679991269
2.97610184658
3.24304975836
2.42790626689
0.128284772851
2.79761953875
4.79315542964
2.63402062759
4.49057456817
0.0380349310195
0.237243936938
1.93840200272
0.162905106342
7.47224153584
1.07033533012
0.122845751963
2.40167327982
1.83775154692
4.04707445083
1.9993912849
1.4364110683
0.627463514763
0.502320083369
1.0943220543
0.433898851395
3.76889607009
0.123925033893
0.941788158775
3.42364413976
0.358065383609
2.55842504815
0.372955454864
0.44453072088
0.358323967318
2.20857378636
0.141457259928
4.27285822768
2.03091523683
1.15012002337
1.2750477003
0.48844312134
0.885681542984
3.6639486925
0.847585533087
0.313583099815
1.78724766205
2.86649898879
0.833021419075
0.165658826646
8.56851012015
0.455813776471
1.8043754053
2.40284466352
0.342758813951
0.0393292383921
1.45045827757
1.00650039747
0.45000891295
4.09738392452
1.95984237019
3.89046579616
1.7144208543
5.16561272274
0.785749147943
1.58792592873
0.424541637254
2.84861923435
0.0381023246511
0.213730885549
1.33310040743
0.121032930634
0.568914735657
0.589217613848
3.49180941706
0.782903238017
0.277026398047
1.65269007623
2.02520613269
0.751428305567
3.04421460807
6.01488078485
5.15174007416
2.67524341357
5.08299273743
3.8176016402
0.505354444159
0.332691903965
3.07644264857
6.41516996312
0.681687515789
3.24559182302
1.33629501364
0.308913764082
1.47564873538
2.17414328692
2.64196816199
0.944490494271
1.16749190677
1.73041665578
0.0137722513649
0.546745404745
1.58951212239
5.6927281729
1.65506787972
9.97211578931
1.92535697745
3.25291935465
0.434474017804
0.60516646673
0.112151606935
4.50963636403
0.404512661737
9.04444281762
0.771759885385
0.792239936227
1.13276867388
0.862342397473
1.38665474371
0.463794942422
0.125863960007
2.08721388362
0.625811771309
0.38936034322
0.190332700388
0.416777769733
0.659498506984
3.39730812116
1.32123082453
1.31835211041
0.691261563601
1.76245894502
3.09455527465
5.52340058564
1.22689754666
1.61347173392
0.584978800235
1.60032652613
0.530082838309
0.99930326434
3.49555010206
1.93233802446
2.03291360539
2.80824421782
1.38690766494
3.55102981446
1.37821257625
9.59143090849
0.311412254261
2.03230642741
2.72268907991
0.967351141097
